(kicad_pcb (version 20171130) (host pcbnew "(5.1.9)-1")

  (general
    (thickness 1.6)
    (drawings 24)
    (tracks 166)
    (zones 0)
    (modules 26)
    (nets 19)
  )

  (page A4)
  (layers
    (0 F.Cu signal)
    (31 B.Cu signal)
    (32 B.Adhes user)
    (33 F.Adhes user)
    (34 B.Paste user)
    (35 F.Paste user)
    (36 B.SilkS user)
    (37 F.SilkS user)
    (38 B.Mask user)
    (39 F.Mask user)
    (40 Dwgs.User user)
    (41 Cmts.User user)
    (42 Eco1.User user)
    (43 Eco2.User user)
    (44 Edge.Cuts user)
    (45 Margin user)
    (46 B.CrtYd user)
    (47 F.CrtYd user)
    (48 B.Fab user hide)
    (49 F.Fab user)
  )

  (setup
    (last_trace_width 0.25)
    (user_trace_width 0.3)
    (user_trace_width 0.4)
    (user_trace_width 0.5)
    (trace_clearance 0.1)
    (zone_clearance 0.508)
    (zone_45_only no)
    (trace_min 0.2)
    (via_size 0.8)
    (via_drill 0.4)
    (via_min_size 0.4)
    (via_min_drill 0.3)
    (user_via 0.5 0.3)
    (uvia_size 0.3)
    (uvia_drill 0.1)
    (uvias_allowed no)
    (uvia_min_size 0.2)
    (uvia_min_drill 0.1)
    (edge_width 0.05)
    (segment_width 0.2)
    (pcb_text_width 0.3)
    (pcb_text_size 1.5 1.5)
    (mod_edge_width 0.12)
    (mod_text_size 1 1)
    (mod_text_width 0.15)
    (pad_size 1.524 1.524)
    (pad_drill 0.762)
    (pad_to_mask_clearance 0)
    (aux_axis_origin 0 0)
    (visible_elements 7FFFFFFF)
    (pcbplotparams
      (layerselection 0x010fc_ffffffff)
      (usegerberextensions false)
      (usegerberattributes false)
      (usegerberadvancedattributes true)
      (creategerberjobfile false)
      (excludeedgelayer true)
      (linewidth 0.150000)
      (plotframeref false)
      (viasonmask false)
      (mode 1)
      (useauxorigin true)
      (hpglpennumber 1)
      (hpglpenspeed 20)
      (hpglpendiameter 15.000000)
      (psnegative false)
      (psa4output false)
      (plotreference true)
      (plotvalue true)
      (plotinvisibletext false)
      (padsonsilk false)
      (subtractmaskfromsilk false)
      (outputformat 1)
      (mirror false)
      (drillshape 0)
      (scaleselection 1)
      (outputdirectory "Gerber/"))
  )

  (net 0 "")
  (net 1 /VCC)
  (net 2 /GND)
  (net 3 /RST)
  (net 4 /RX)
  (net 5 /TX)
  (net 6 /EN)
  (net 7 /GPIO2)
  (net 8 /GPIO0)
  (net 9 "Net-(BT1-Pad1)")
  (net 10 /GPIO15)
  (net 11 "Net-(R7-Pad2)")
  (net 12 /GPIO4)
  (net 13 "Net-(D2-Pad2)")
  (net 14 /GPIO5)
  (net 15 "Net-(D1-Pad2)")
  (net 16 "Net-(R6-Pad2)")
  (net 17 "Net-(Q1-Pad3)")
  (net 18 "Net-(Q1-Pad1)")

  (net_class Default "This is the default net class."
    (clearance 0.1)
    (trace_width 0.25)
    (via_dia 0.8)
    (via_drill 0.4)
    (uvia_dia 0.3)
    (uvia_drill 0.1)
    (add_net /EN)
    (add_net /GND)
    (add_net /GPIO0)
    (add_net /GPIO15)
    (add_net /GPIO2)
    (add_net /GPIO4)
    (add_net /GPIO5)
    (add_net /RST)
    (add_net /RX)
    (add_net /TX)
    (add_net /VCC)
    (add_net "Net-(BT1-Pad1)")
    (add_net "Net-(D1-Pad2)")
    (add_net "Net-(D2-Pad2)")
    (add_net "Net-(Q1-Pad1)")
    (add_net "Net-(Q1-Pad3)")
    (add_net "Net-(R6-Pad2)")
    (add_net "Net-(R7-Pad2)")
  )

  (module handsolder:ESP-12Elesssilk (layer F.Cu) (tedit 60343770) (tstamp 603C25EC)
    (at 125.6 90.1 180)
    (descr "Wi-Fi Module, http://wiki.ai-thinker.com/_media/esp8266/docs/aithinker_esp_12f_datasheet_en.pdf")
    (tags "Wi-Fi Module")
    (path /603C316D)
    (attr smd)
    (fp_text reference X1 (at 0 5.715 180) (layer F.SilkS)
      (effects (font (size 1 1) (thickness 0.15)))
    )
    (fp_text value ESP-12E (at -0.06 -12.78 180) (layer F.Fab)
      (effects (font (size 1 1) (thickness 0.15)))
    )
    (fp_line (start -8 -12) (end 8 -12) (layer F.Fab) (width 0.12))
    (fp_line (start 8 -12) (end 8 12) (layer F.Fab) (width 0.12))
    (fp_line (start 8 12) (end -8 12) (layer F.Fab) (width 0.12))
    (fp_line (start -8 12) (end -8 -3) (layer F.Fab) (width 0.12))
    (fp_line (start -8 -3) (end -7.5 -3.5) (layer F.Fab) (width 0.12))
    (fp_line (start -7.5 -3.5) (end -8 -4) (layer F.Fab) (width 0.12))
    (fp_line (start -8 -4) (end -8 -12) (layer F.Fab) (width 0.12))
    (fp_line (start -9.05 -12.2) (end 9.05 -12.2) (layer F.CrtYd) (width 0.05))
    (fp_line (start 9.05 -12.2) (end 9.05 13.1) (layer F.CrtYd) (width 0.05))
    (fp_line (start 9.05 13.1) (end -9.05 13.1) (layer F.CrtYd) (width 0.05))
    (fp_line (start -9.05 13.1) (end -9.05 -12.2) (layer F.CrtYd) (width 0.05))
    (fp_line (start 8.12 11.5) (end 8.12 12.12) (layer F.SilkS) (width 0.12))
    (fp_line (start 8.12 12.12) (end 6 12.12) (layer F.SilkS) (width 0.12))
    (fp_line (start -6 12.12) (end -8.12 12.12) (layer F.SilkS) (width 0.12))
    (fp_line (start -8.12 12.12) (end -8.12 11.5) (layer F.SilkS) (width 0.12))
    (fp_line (start -8.12 -12.12) (end 8.12 -12.12) (layer Dwgs.User) (width 0.12))
    (fp_line (start 8.12 -12.12) (end 8.12 -4.8) (layer Dwgs.User) (width 0.12))
    (fp_line (start 8.12 -4.8) (end -8.12 -4.8) (layer Dwgs.User) (width 0.12))
    (fp_line (start -8.12 -4.8) (end -8.12 -12.12) (layer Dwgs.User) (width 0.12))
    (fp_line (start -8.12 -9.12) (end -5.12 -12.12) (layer Dwgs.User) (width 0.12))
    (fp_line (start -8.12 -6.12) (end -2.12 -12.12) (layer Dwgs.User) (width 0.12))
    (fp_line (start -6.44 -4.8) (end 0.88 -12.12) (layer Dwgs.User) (width 0.12))
    (fp_line (start -3.44 -4.8) (end 3.88 -12.12) (layer Dwgs.User) (width 0.12))
    (fp_line (start -0.44 -4.8) (end 6.88 -12.12) (layer Dwgs.User) (width 0.12))
    (fp_line (start 2.56 -4.8) (end 8.12 -10.36) (layer Dwgs.User) (width 0.12))
    (fp_line (start 5.56 -4.8) (end 8.12 -7.36) (layer Dwgs.User) (width 0.12))
    (fp_text user %R (at 0.49 -0.8 180) (layer F.Fab)
      (effects (font (size 1 1) (thickness 0.15)))
    )
    (fp_text user "KEEP-OUT ZONE" (at 0.03 -9.55) (layer Cmts.User)
      (effects (font (size 1 1) (thickness 0.15)))
    )
    (fp_text user Antenna (at -0.06 -7) (layer Cmts.User)
      (effects (font (size 1 1) (thickness 0.15)))
    )
    (pad 22 smd rect (at 7.6 -3.5 180) (size 2.5 1) (layers F.Cu F.Paste F.Mask)
      (net 5 /TX))
    (pad 21 smd rect (at 7.6 -1.5 180) (size 2.5 1) (layers F.Cu F.Paste F.Mask)
      (net 4 /RX))
    (pad 20 smd rect (at 7.6 0.5 180) (size 2.5 1) (layers F.Cu F.Paste F.Mask)
      (net 14 /GPIO5))
    (pad 19 smd rect (at 7.6 2.5 180) (size 2.5 1) (layers F.Cu F.Paste F.Mask)
      (net 12 /GPIO4))
    (pad 18 smd rect (at 7.6 4.5 180) (size 2.5 1) (layers F.Cu F.Paste F.Mask)
      (net 8 /GPIO0))
    (pad 17 smd rect (at 7.6 6.5 180) (size 2.5 1) (layers F.Cu F.Paste F.Mask)
      (net 7 /GPIO2))
    (pad 16 smd rect (at 7.6 8.5 180) (size 2.5 1) (layers F.Cu F.Paste F.Mask)
      (net 10 /GPIO15))
    (pad 15 smd rect (at 7.6 10.5 180) (size 2.5 1) (layers F.Cu F.Paste F.Mask)
      (net 2 /GND))
    (pad 14 smd rect (at 5 12 180) (size 1 1.8) (layers F.Cu F.Paste F.Mask))
    (pad 13 smd rect (at 3 12 180) (size 1 1.8) (layers F.Cu F.Paste F.Mask))
    (pad 12 smd rect (at 1 12 180) (size 1 1.8) (layers F.Cu F.Paste F.Mask))
    (pad 11 smd rect (at -1 12 180) (size 1 1.8) (layers F.Cu F.Paste F.Mask))
    (pad 10 smd rect (at -3 12 180) (size 1 1.8) (layers F.Cu F.Paste F.Mask))
    (pad 9 smd rect (at -5 12 180) (size 1 1.8) (layers F.Cu F.Paste F.Mask))
    (pad 8 smd rect (at -7.6 10.5 180) (size 2.5 1) (layers F.Cu F.Paste F.Mask)
      (net 1 /VCC))
    (pad 7 smd rect (at -7.6 8.5 180) (size 2.5 1) (layers F.Cu F.Paste F.Mask))
    (pad 6 smd rect (at -7.6 6.5 180) (size 2.5 1) (layers F.Cu F.Paste F.Mask))
    (pad 5 smd rect (at -7.6 4.5 180) (size 2.5 1) (layers F.Cu F.Paste F.Mask))
    (pad 4 smd rect (at -7.6 2.5 180) (size 2.5 1) (layers F.Cu F.Paste F.Mask))
    (pad 3 smd rect (at -7.6 0.5 180) (size 2.5 1) (layers F.Cu F.Paste F.Mask)
      (net 6 /EN))
    (pad 2 smd rect (at -7.6 -1.5 180) (size 2.5 1) (layers F.Cu F.Paste F.Mask))
    (pad 1 smd rect (at -7.6 -3.5 180) (size 2.5 1) (layers F.Cu F.Paste F.Mask)
      (net 3 /RST))
    (model ${KISYS3DMOD}/RF_Module.3dshapes/ESP-12E.wrl
      (at (xyz 0 0 0))
      (scale (xyz 1 1 1))
      (rotate (xyz 0 0 0))
    )
  )

  (module handsolder:LED_1206_3216Metric_Castellated (layer F.Cu) (tedit 603A8330) (tstamp 603267F8)
    (at 134.211 61.595 180)
    (descr "LED SMD 1206 (3216 Metric), castellated end terminal, IPC_7351 nominal, (Body size source: http://www.tortai-tech.com/upload/download/2011102023233369053.pdf), generated with kicad-footprint-generator")
    (tags "LED castellated")
    (path /602D28D1)
    (attr smd)
    (fp_text reference D1 (at 0.05 -0.1 90) (layer F.SilkS)
      (effects (font (size 0.7 0.7) (thickness 0.15)))
    )
    (fp_text value LED (at 0 1.78) (layer F.Fab)
      (effects (font (size 1 1) (thickness 0.15)))
    )
    (fp_line (start 1.6 -0.8) (end -1.2 -0.8) (layer F.Fab) (width 0.1))
    (fp_line (start -1.2 -0.8) (end -1.6 -0.4) (layer F.Fab) (width 0.1))
    (fp_line (start -1.6 -0.4) (end -1.6 0.8) (layer F.Fab) (width 0.1))
    (fp_line (start -1.6 0.8) (end 1.6 0.8) (layer F.Fab) (width 0.1))
    (fp_line (start 1.6 0.8) (end 1.6 -0.8) (layer F.Fab) (width 0.1))
    (fp_line (start 1.6 -1.085) (end -2.485 -1.085) (layer F.SilkS) (width 0.12))
    (fp_line (start -2.485 -1.085) (end -2.485 1.085) (layer F.SilkS) (width 0.12))
    (fp_line (start -2.485 1.085) (end 1.6 1.085) (layer F.SilkS) (width 0.12))
    (fp_line (start -2.48 1.08) (end -2.48 -1.08) (layer F.CrtYd) (width 0.05))
    (fp_line (start -2.48 -1.08) (end 2.48 -1.08) (layer F.CrtYd) (width 0.05))
    (fp_line (start 2.48 -1.08) (end 2.48 1.08) (layer F.CrtYd) (width 0.05))
    (fp_line (start 2.48 1.08) (end -2.48 1.08) (layer F.CrtYd) (width 0.05))
    (fp_text user %R (at 0 0) (layer F.Fab)
      (effects (font (size 0.8 0.8) (thickness 0.12)))
    )
    (pad 2 smd roundrect (at 1.425 0 180) (size 1.6 1.65) (layers F.Cu F.Paste F.Mask) (roundrect_rratio 0.15625)
      (net 15 "Net-(D1-Pad2)"))
    (pad 1 smd roundrect (at -1.425 0 180) (size 1.6 1.65) (layers F.Cu F.Paste F.Mask) (roundrect_rratio 0.15625)
      (net 2 /GND))
    (model ${KISYS3DMOD}/LED_SMD.3dshapes/LED_1206_3216Metric_Castellated.wrl
      (at (xyz 0 0 0))
      (scale (xyz 1 1 1))
      (rotate (xyz 0 0 0))
    )
  )

  (module handsolder:SOT-23 (layer B.Cu) (tedit 6035930F) (tstamp 603506EE)
    (at 133.223 73.66 180)
    (descr "SOT-23, Standard")
    (tags SOT-23)
    (path /6036ABC4)
    (attr smd)
    (fp_text reference Q1 (at 0 0 270) (layer B.SilkS)
      (effects (font (size 0.5 0.5) (thickness 0.125)) (justify mirror))
    )
    (fp_text value TSM2301ACX (at 0 -2.5) (layer B.Fab)
      (effects (font (size 1 1) (thickness 0.15)) (justify mirror))
    )
    (fp_line (start -0.7 0.95) (end -0.7 -1.5) (layer B.Fab) (width 0.1))
    (fp_line (start -0.15 1.52) (end 0.7 1.52) (layer B.Fab) (width 0.1))
    (fp_line (start -0.7 0.95) (end -0.15 1.52) (layer B.Fab) (width 0.1))
    (fp_line (start 0.7 1.52) (end 0.7 -1.52) (layer B.Fab) (width 0.1))
    (fp_line (start -0.7 -1.52) (end 0.7 -1.52) (layer B.Fab) (width 0.1))
    (fp_line (start 0.76 -1.58) (end 0.76 -0.65) (layer B.SilkS) (width 0.12))
    (fp_line (start 0.76 1.58) (end 0.76 0.65) (layer B.SilkS) (width 0.12))
    (fp_line (start -1.7 1.75) (end 1.7 1.75) (layer B.CrtYd) (width 0.05))
    (fp_line (start 1.7 1.75) (end 1.7 -1.75) (layer B.CrtYd) (width 0.05))
    (fp_line (start 1.7 -1.75) (end -1.7 -1.75) (layer B.CrtYd) (width 0.05))
    (fp_line (start -1.7 -1.75) (end -1.7 1.75) (layer B.CrtYd) (width 0.05))
    (fp_line (start 0.76 1.58) (end -1.4 1.58) (layer B.SilkS) (width 0.12))
    (fp_line (start 0.76 -1.58) (end -0.7 -1.58) (layer B.SilkS) (width 0.12))
    (fp_text user %R (at 0 0 270) (layer B.Fab)
      (effects (font (size 0.5 0.5) (thickness 0.075)) (justify mirror))
    )
    (pad 3 smd rect (at 1.05 0 180) (size 1 0.8) (layers B.Cu B.Paste B.Mask)
      (net 17 "Net-(Q1-Pad3)"))
    (pad 2 smd rect (at -1.05 -0.95 180) (size 1 0.8) (layers B.Cu B.Paste B.Mask)
      (net 9 "Net-(BT1-Pad1)"))
    (pad 1 smd rect (at -1.05 0.95 180) (size 1 0.8) (layers B.Cu B.Paste B.Mask)
      (net 18 "Net-(Q1-Pad1)"))
    (model ${KISYS3DMOD}/Package_TO_SOT_SMD.3dshapes/SOT-23.wrl
      (at (xyz 0 0 0))
      (scale (xyz 1 1 1))
      (rotate (xyz 0 0 0))
    )
  )

  (module handsolder:LED_0805_2012Metric_Castellated_mod (layer F.Cu) (tedit 60359125) (tstamp 6032680B)
    (at 124.3865 71.247)
    (descr "LED SMD 0805 (2012 Metric), castellated end terminal, IPC_7351 nominal, (Body size source: https://docs.google.com/spreadsheets/d/1BsfQQcO9C6DZCsRaXUlFlo91Tg2WpOkGARC1WS5S8t0/edit?usp=sharing), generated with kicad-footprint-generator")
    (tags "LED castellated")
    (path /6032747F)
    (attr smd)
    (fp_text reference D2 (at 0 0 90) (layer F.SilkS)
      (effects (font (size 0.5 0.5) (thickness 0.125)))
    )
    (fp_text value LED (at 0 1.6 -180) (layer F.Fab)
      (effects (font (size 1 1) (thickness 0.15)))
    )
    (fp_line (start 1 -0.6) (end -0.7 -0.6) (layer F.Fab) (width 0.1))
    (fp_line (start -0.7 -0.6) (end -1 -0.3) (layer F.Fab) (width 0.1))
    (fp_line (start -1 -0.3) (end -1 0.6) (layer F.Fab) (width 0.1))
    (fp_line (start -1 0.6) (end 1 0.6) (layer F.Fab) (width 0.1))
    (fp_line (start 1 0.6) (end 1 -0.6) (layer F.Fab) (width 0.1))
    (fp_line (start 1 -0.91) (end -1.885 -0.91) (layer F.SilkS) (width 0.12))
    (fp_line (start -1.885 -0.91) (end -1.885 0.91) (layer F.SilkS) (width 0.12))
    (fp_line (start -1.885 0.91) (end 1 0.91) (layer F.SilkS) (width 0.12))
    (fp_line (start -1.88 0.9) (end -1.88 -0.9) (layer F.CrtYd) (width 0.05))
    (fp_line (start -1.88 -0.9) (end 1.88 -0.9) (layer F.CrtYd) (width 0.05))
    (fp_line (start 1.88 -0.9) (end 1.88 0.9) (layer F.CrtYd) (width 0.05))
    (fp_line (start 1.88 0.9) (end -1.88 0.9) (layer F.CrtYd) (width 0.05))
    (fp_text user %R (at 0 0 -180) (layer F.Fab)
      (effects (font (size 0.5 0.5) (thickness 0.08)))
    )
    (pad 2 smd roundrect (at 0.9625 0) (size 1.325 1.3) (layers F.Cu F.Paste F.Mask) (roundrect_rratio 0.1923069230769231)
      (net 13 "Net-(D2-Pad2)"))
    (pad 1 smd roundrect (at -0.9625 0) (size 1.325 1.3) (layers F.Cu F.Paste F.Mask) (roundrect_rratio 0.1923069230769231)
      (net 2 /GND))
    (model ${KISYS3DMOD}/LED_SMD.3dshapes/LED_0805_2012Metric_Castellated.wrl
      (at (xyz 0 0 0))
      (scale (xyz 1 1 1))
      (rotate (xyz 0 0 0))
    )
  )

  (module handsolder:C_0402_1005Metric_Pad0.74x0.62mm_HandSoldermod (layer B.Cu) (tedit 6036714F) (tstamp 603685EC)
    (at 130.7338 78.88224 90)
    (descr "Capacitor SMD 0402 (1005 Metric), square (rectangular) end terminal, IPC_7351 nominal with elongated pad for handsoldering. (Body size source: IPC-SM-782 page 76, https://www.pcb-3d.com/wordpress/wp-content/uploads/ipc-sm-782a_amendment_1_and_2.pdf), generated with kicad-footprint-generator")
    (tags "capacitor handsolder")
    (path /60367D4C)
    (attr smd)
    (fp_text reference C7 (at 0 0 90) (layer B.SilkS) hide
      (effects (font (size 0.5 0.5) (thickness 0.125)) (justify mirror))
    )
    (fp_text value 100nF (at 0.00508 -1.16332 90) (layer B.Fab)
      (effects (font (size 1 1) (thickness 0.15)) (justify mirror))
    )
    (fp_line (start -0.5 -0.25) (end -0.5 0.25) (layer B.Fab) (width 0.1))
    (fp_line (start -0.5 0.25) (end 0.5 0.25) (layer B.Fab) (width 0.1))
    (fp_line (start 0.5 0.25) (end 0.5 -0.25) (layer B.Fab) (width 0.1))
    (fp_line (start 0.5 -0.25) (end -0.5 -0.25) (layer B.Fab) (width 0.1))
    (fp_line (start -0.115835 0.36) (end 0.115835 0.36) (layer B.SilkS) (width 0.12))
    (fp_line (start -1.08 -0.46) (end -1.08 0.46) (layer B.CrtYd) (width 0.05))
    (fp_line (start -1.08 0.46) (end 1.08 0.46) (layer B.CrtYd) (width 0.05))
    (fp_line (start 1.08 0.46) (end 1.08 -0.46) (layer B.CrtYd) (width 0.05))
    (fp_line (start 1.08 -0.46) (end -1.08 -0.46) (layer B.CrtYd) (width 0.05))
    (fp_text user %R (at 0 0 90) (layer B.Fab)
      (effects (font (size 0.25 0.25) (thickness 0.04)) (justify mirror))
    )
    (pad 2 smd rect (at 0.65 0 90) (size 0.9 0.62) (layers B.Cu B.Paste B.Mask)
      (net 2 /GND))
    (pad 1 smd rect (at -0.65 0 90) (size 0.9 0.62) (layers B.Cu B.Paste B.Mask)
      (net 1 /VCC))
    (model ${KISYS3DMOD}/Capacitor_SMD.3dshapes/C_0402_1005Metric.wrl
      (at (xyz 0 0 0))
      (scale (xyz 1 1 1))
      (rotate (xyz 0 0 0))
    )
  )

  (module SamacSys_Parts:CAPPM3528X210N (layer B.Cu) (tedit 60362B51) (tstamp 6036E504)
    (at 128.50368 81.69656 180)
    (descr "CASE B")
    (tags "Capacitor Polarised")
    (path /60362D5E)
    (attr smd)
    (fp_text reference C6 (at 0 0 90) (layer B.SilkS)
      (effects (font (size 0.5 0.5) (thickness 0.125)) (justify mirror))
    )
    (fp_text value 47uF (at 0 0 180) (layer B.SilkS) hide
      (effects (font (size 1.27 1.27) (thickness 0.254)) (justify mirror))
    )
    (fp_line (start -2.6 1.75) (end 2.6 1.75) (layer B.CrtYd) (width 0.05))
    (fp_line (start 2.6 1.75) (end 2.6 -1.75) (layer B.CrtYd) (width 0.05))
    (fp_line (start 2.6 -1.75) (end -2.6 -1.75) (layer B.CrtYd) (width 0.05))
    (fp_line (start -2.6 -1.75) (end -2.6 1.75) (layer B.CrtYd) (width 0.05))
    (fp_line (start -1.75 1.425) (end 1.75 1.425) (layer B.Fab) (width 0.1))
    (fp_line (start 1.75 1.425) (end 1.75 -1.425) (layer B.Fab) (width 0.1))
    (fp_line (start 1.75 -1.425) (end -1.75 -1.425) (layer B.Fab) (width 0.1))
    (fp_line (start -1.75 -1.425) (end -1.75 1.425) (layer B.Fab) (width 0.1))
    (fp_line (start -1.75 0.525) (end -0.85 1.425) (layer B.Fab) (width 0.1))
    (fp_line (start 1.75 1.425) (end -2.35 1.425) (layer B.SilkS) (width 0.2))
    (fp_line (start -1.75 -1.425) (end 1.75 -1.425) (layer B.SilkS) (width 0.2))
    (fp_text user %R (at 0 0 180) (layer B.Fab)
      (effects (font (size 1.27 1.27) (thickness 0.254)) (justify mirror))
    )
    (pad 2 smd rect (at 1.45 0 180) (size 1.8 2.3) (layers B.Cu B.Paste B.Mask)
      (net 2 /GND))
    (pad 1 smd rect (at -1.45 0 180) (size 1.8 2.3) (layers B.Cu B.Paste B.Mask)
      (net 1 /VCC))
    (model "C:\\Program Files\\KiCad\\SamacSys_Parts.3dshapes\\TAJB476M010TNJ.stp"
      (at (xyz 0 0 0))
      (scale (xyz 1 1 1))
      (rotate (xyz 0 0 0))
    )
  )

  (module handsolder:C_0805_2012handsodermod (layer B.Cu) (tedit 603591CC) (tstamp 603267E5)
    (at 121.26976 86.07044 90)
    (descr "Capacitor SMD 0805 (2012 Metric), square (rectangular) end terminal, IPC_7351 nominal with elongated pad for handsoldering. (Body size source: https://docs.google.com/spreadsheets/d/1BsfQQcO9C6DZCsRaXUlFlo91Tg2WpOkGARC1WS5S8t0/edit?usp=sharing), generated with kicad-footprint-generator")
    (tags "capacitor handsolder")
    (path /602E3D4A)
    (attr smd)
    (fp_text reference C3 (at 0 0 180) (layer B.SilkS)
      (effects (font (size 0.5 0.5) (thickness 0.125)) (justify mirror))
    )
    (fp_text value 10uF (at 0 -1.65 90) (layer B.Fab) hide
      (effects (font (size 1 1) (thickness 0.15)) (justify mirror))
    )
    (fp_line (start -1 -0.6) (end -1 0.6) (layer B.Fab) (width 0.1))
    (fp_line (start -1 0.6) (end 1 0.6) (layer B.Fab) (width 0.1))
    (fp_line (start 1 0.6) (end 1 -0.6) (layer B.Fab) (width 0.1))
    (fp_line (start 1 -0.6) (end -1 -0.6) (layer B.Fab) (width 0.1))
    (fp_line (start -0.261252 0.71) (end 0.261252 0.71) (layer B.SilkS) (width 0.12))
    (fp_line (start -0.261252 -0.71) (end 0.261252 -0.71) (layer B.SilkS) (width 0.12))
    (fp_line (start -2 -0.95) (end -2 0.95) (layer B.CrtYd) (width 0.05))
    (fp_line (start -2 0.95) (end 2.05 0.95) (layer B.CrtYd) (width 0.05))
    (fp_line (start 2.05 0.95) (end 2.05 -0.95) (layer B.CrtYd) (width 0.05))
    (fp_line (start 2.05 -0.95) (end -2 -0.95) (layer B.CrtYd) (width 0.05))
    (fp_text user %R (at 0 0 90) (layer B.Fab)
      (effects (font (size 0.5 0.5) (thickness 0.08)) (justify mirror))
    )
    (pad 2 smd rect (at 1.15 0 90) (size 1.5 1.1) (layers B.Cu B.Paste B.Mask)
      (net 1 /VCC))
    (pad 1 smd rect (at -1.15 0 90) (size 1.5 1.1) (layers B.Cu B.Paste B.Mask)
      (net 2 /GND))
    (model ${KISYS3DMOD}/Capacitor_SMD.3dshapes/C_0805_2012Metric.wrl
      (at (xyz 0 0 0))
      (scale (xyz 1 1 1))
      (rotate (xyz 0 0 0))
    )
  )

  (module handsolder:C_0805_2012handsodermod (layer B.Cu) (tedit 603591CC) (tstamp 6035066D)
    (at 132.08 69.596 90)
    (descr "Capacitor SMD 0805 (2012 Metric), square (rectangular) end terminal, IPC_7351 nominal with elongated pad for handsoldering. (Body size source: https://docs.google.com/spreadsheets/d/1BsfQQcO9C6DZCsRaXUlFlo91Tg2WpOkGARC1WS5S8t0/edit?usp=sharing), generated with kicad-footprint-generator")
    (tags "capacitor handsolder")
    (path /60375EFB)
    (attr smd)
    (fp_text reference C5 (at 0 0 180) (layer B.SilkS)
      (effects (font (size 0.5 0.5) (thickness 0.125)) (justify mirror))
    )
    (fp_text value 100nF (at 0 -1.65 90) (layer B.Fab) hide
      (effects (font (size 1 1) (thickness 0.15)) (justify mirror))
    )
    (fp_line (start -1 -0.6) (end -1 0.6) (layer B.Fab) (width 0.1))
    (fp_line (start -1 0.6) (end 1 0.6) (layer B.Fab) (width 0.1))
    (fp_line (start 1 0.6) (end 1 -0.6) (layer B.Fab) (width 0.1))
    (fp_line (start 1 -0.6) (end -1 -0.6) (layer B.Fab) (width 0.1))
    (fp_line (start -0.261252 0.71) (end 0.261252 0.71) (layer B.SilkS) (width 0.12))
    (fp_line (start -0.261252 -0.71) (end 0.261252 -0.71) (layer B.SilkS) (width 0.12))
    (fp_line (start -2 -0.95) (end -2 0.95) (layer B.CrtYd) (width 0.05))
    (fp_line (start -2 0.95) (end 2.05 0.95) (layer B.CrtYd) (width 0.05))
    (fp_line (start 2.05 0.95) (end 2.05 -0.95) (layer B.CrtYd) (width 0.05))
    (fp_line (start 2.05 -0.95) (end -2 -0.95) (layer B.CrtYd) (width 0.05))
    (fp_text user %R (at 0 0 90) (layer B.Fab)
      (effects (font (size 0.5 0.5) (thickness 0.08)) (justify mirror))
    )
    (pad 2 smd rect (at 1.15 0 90) (size 1.5 1.1) (layers B.Cu B.Paste B.Mask)
      (net 9 "Net-(BT1-Pad1)"))
    (pad 1 smd rect (at -1.15 0 90) (size 1.5 1.1) (layers B.Cu B.Paste B.Mask)
      (net 2 /GND))
    (model ${KISYS3DMOD}/Capacitor_SMD.3dshapes/C_0805_2012Metric.wrl
      (at (xyz 0 0 0))
      (scale (xyz 1 1 1))
      (rotate (xyz 0 0 0))
    )
  )

  (module handsolder:C_0805_2012handsodermod (layer B.Cu) (tedit 603591CC) (tstamp 603267C3)
    (at 131.318 65.278 270)
    (descr "Capacitor SMD 0805 (2012 Metric), square (rectangular) end terminal, IPC_7351 nominal with elongated pad for handsoldering. (Body size source: https://docs.google.com/spreadsheets/d/1BsfQQcO9C6DZCsRaXUlFlo91Tg2WpOkGARC1WS5S8t0/edit?usp=sharing), generated with kicad-footprint-generator")
    (tags "capacitor handsolder")
    (path /602D0C1F)
    (attr smd)
    (fp_text reference C1 (at 0 0 180) (layer B.SilkS)
      (effects (font (size 0.5 0.5) (thickness 0.125)) (justify mirror))
    )
    (fp_text value 10uF (at 0 -1.65 90) (layer B.Fab) hide
      (effects (font (size 1 1) (thickness 0.15)) (justify mirror))
    )
    (fp_line (start -1 -0.6) (end -1 0.6) (layer B.Fab) (width 0.1))
    (fp_line (start -1 0.6) (end 1 0.6) (layer B.Fab) (width 0.1))
    (fp_line (start 1 0.6) (end 1 -0.6) (layer B.Fab) (width 0.1))
    (fp_line (start 1 -0.6) (end -1 -0.6) (layer B.Fab) (width 0.1))
    (fp_line (start -0.261252 0.71) (end 0.261252 0.71) (layer B.SilkS) (width 0.12))
    (fp_line (start -0.261252 -0.71) (end 0.261252 -0.71) (layer B.SilkS) (width 0.12))
    (fp_line (start -2 -0.95) (end -2 0.95) (layer B.CrtYd) (width 0.05))
    (fp_line (start -2 0.95) (end 2.05 0.95) (layer B.CrtYd) (width 0.05))
    (fp_line (start 2.05 0.95) (end 2.05 -0.95) (layer B.CrtYd) (width 0.05))
    (fp_line (start 2.05 -0.95) (end -2 -0.95) (layer B.CrtYd) (width 0.05))
    (fp_text user %R (at 0 0 90) (layer B.Fab)
      (effects (font (size 0.5 0.5) (thickness 0.08)) (justify mirror))
    )
    (pad 2 smd rect (at 1.15 0 270) (size 1.5 1.1) (layers B.Cu B.Paste B.Mask)
      (net 9 "Net-(BT1-Pad1)"))
    (pad 1 smd rect (at -1.15 0 270) (size 1.5 1.1) (layers B.Cu B.Paste B.Mask)
      (net 2 /GND))
    (model ${KISYS3DMOD}/Capacitor_SMD.3dshapes/C_0805_2012Metric.wrl
      (at (xyz 0 0 0))
      (scale (xyz 1 1 1))
      (rotate (xyz 0 0 0))
    )
  )

  (module handsolder:C_0805_2012handsodermod (layer B.Cu) (tedit 603591CC) (tstamp 603267D4)
    (at 132.3848 93.599)
    (descr "Capacitor SMD 0805 (2012 Metric), square (rectangular) end terminal, IPC_7351 nominal with elongated pad for handsoldering. (Body size source: https://docs.google.com/spreadsheets/d/1BsfQQcO9C6DZCsRaXUlFlo91Tg2WpOkGARC1WS5S8t0/edit?usp=sharing), generated with kicad-footprint-generator")
    (tags "capacitor handsolder")
    (path /602C896A)
    (attr smd)
    (fp_text reference C2 (at 0 0 -90) (layer B.SilkS)
      (effects (font (size 0.5 0.5) (thickness 0.125)) (justify mirror))
    )
    (fp_text value 100nF (at 0 -1.65) (layer B.Fab) hide
      (effects (font (size 1 1) (thickness 0.15)) (justify mirror))
    )
    (fp_line (start -1 -0.6) (end -1 0.6) (layer B.Fab) (width 0.1))
    (fp_line (start -1 0.6) (end 1 0.6) (layer B.Fab) (width 0.1))
    (fp_line (start 1 0.6) (end 1 -0.6) (layer B.Fab) (width 0.1))
    (fp_line (start 1 -0.6) (end -1 -0.6) (layer B.Fab) (width 0.1))
    (fp_line (start -0.261252 0.71) (end 0.261252 0.71) (layer B.SilkS) (width 0.12))
    (fp_line (start -0.261252 -0.71) (end 0.261252 -0.71) (layer B.SilkS) (width 0.12))
    (fp_line (start -2 -0.95) (end -2 0.95) (layer B.CrtYd) (width 0.05))
    (fp_line (start -2 0.95) (end 2.05 0.95) (layer B.CrtYd) (width 0.05))
    (fp_line (start 2.05 0.95) (end 2.05 -0.95) (layer B.CrtYd) (width 0.05))
    (fp_line (start 2.05 -0.95) (end -2 -0.95) (layer B.CrtYd) (width 0.05))
    (fp_text user %R (at 0 0) (layer B.Fab)
      (effects (font (size 0.5 0.5) (thickness 0.08)) (justify mirror))
    )
    (pad 2 smd rect (at 1.15 0) (size 1.5 1.1) (layers B.Cu B.Paste B.Mask)
      (net 3 /RST))
    (pad 1 smd rect (at -1.15 0) (size 1.5 1.1) (layers B.Cu B.Paste B.Mask)
      (net 2 /GND))
    (model ${KISYS3DMOD}/Capacitor_SMD.3dshapes/C_0805_2012Metric.wrl
      (at (xyz 0 0 0))
      (scale (xyz 1 1 1))
      (rotate (xyz 0 0 0))
    )
  )

  (module handsolder:R_0805_2012handsoldermod (layer F.Cu) (tedit 60358F22) (tstamp 603268F2)
    (at 130.1 74.3 270)
    (descr "Resistor SMD 0805 (2012 Metric), square (rectangular) end terminal, IPC_7351 nominal with elongated pad for handsoldering. (Body size source: https://docs.google.com/spreadsheets/d/1BsfQQcO9C6DZCsRaXUlFlo91Tg2WpOkGARC1WS5S8t0/edit?usp=sharing), generated with kicad-footprint-generator")
    (tags "resistor handsolder")
    (path /60325E7B)
    (attr smd)
    (fp_text reference R9 (at 0 -0.1) (layer F.SilkS)
      (effects (font (size 0.5 0.5) (thickness 0.125)))
    )
    (fp_text value 1k (at 0 1.65 90) (layer F.Fab) hide
      (effects (font (size 1 1) (thickness 0.15)))
    )
    (fp_line (start -1 0.6) (end -1 -0.6) (layer F.Fab) (width 0.1))
    (fp_line (start -1 -0.6) (end 1 -0.6) (layer F.Fab) (width 0.1))
    (fp_line (start 1 -0.6) (end 1 0.6) (layer F.Fab) (width 0.1))
    (fp_line (start 1 0.6) (end -1 0.6) (layer F.Fab) (width 0.1))
    (fp_line (start -0.261252 -0.71) (end 0.261252 -0.71) (layer F.SilkS) (width 0.12))
    (fp_line (start -0.261252 0.71) (end 0.261252 0.71) (layer F.SilkS) (width 0.12))
    (fp_line (start -2.05 0.95) (end -2.05 -0.95) (layer F.CrtYd) (width 0.05))
    (fp_line (start -2.05 -0.95) (end 2.05 -0.95) (layer F.CrtYd) (width 0.05))
    (fp_line (start 2.05 -0.95) (end 2.05 0.95) (layer F.CrtYd) (width 0.05))
    (fp_line (start 2.05 0.95) (end -2.05 0.95) (layer F.CrtYd) (width 0.05))
    (fp_text user %R (at 0 0 90) (layer F.Fab)
      (effects (font (size 0.5 0.5) (thickness 0.08)))
    )
    (pad 2 smd rect (at 1.2 0 270) (size 1.5 1.5) (layers F.Cu F.Paste F.Mask)
      (net 14 /GPIO5))
    (pad 1 smd rect (at -1.2 0 270) (size 1.5 1.5) (layers F.Cu F.Paste F.Mask)
      (net 13 "Net-(D2-Pad2)"))
    (model ${KISYS3DMOD}/Resistor_SMD.3dshapes/R_0805_2012Metric.wrl
      (at (xyz 0 0 0))
      (scale (xyz 1 1 1))
      (rotate (xyz 0 0 0))
    )
  )

  (module handsolder:R_0805_2012handsoldermod (layer B.Cu) (tedit 60358F22) (tstamp 603507BF)
    (at 130.03276 85.94344 270)
    (descr "Resistor SMD 0805 (2012 Metric), square (rectangular) end terminal, IPC_7351 nominal with elongated pad for handsoldering. (Body size source: https://docs.google.com/spreadsheets/d/1BsfQQcO9C6DZCsRaXUlFlo91Tg2WpOkGARC1WS5S8t0/edit?usp=sharing), generated with kicad-footprint-generator")
    (tags "resistor handsolder")
    (path /60373816)
    (attr smd)
    (fp_text reference R7 (at 0 0.1 180) (layer B.SilkS)
      (effects (font (size 0.5 0.5) (thickness 0.125)) (justify mirror))
    )
    (fp_text value 100k (at 0 -1.65 90) (layer B.Fab) hide
      (effects (font (size 1 1) (thickness 0.15)) (justify mirror))
    )
    (fp_line (start -1 -0.6) (end -1 0.6) (layer B.Fab) (width 0.1))
    (fp_line (start -1 0.6) (end 1 0.6) (layer B.Fab) (width 0.1))
    (fp_line (start 1 0.6) (end 1 -0.6) (layer B.Fab) (width 0.1))
    (fp_line (start 1 -0.6) (end -1 -0.6) (layer B.Fab) (width 0.1))
    (fp_line (start -0.261252 0.71) (end 0.261252 0.71) (layer B.SilkS) (width 0.12))
    (fp_line (start -0.261252 -0.71) (end 0.261252 -0.71) (layer B.SilkS) (width 0.12))
    (fp_line (start -2.05 -0.95) (end -2.05 0.95) (layer B.CrtYd) (width 0.05))
    (fp_line (start -2.05 0.95) (end 2.05 0.95) (layer B.CrtYd) (width 0.05))
    (fp_line (start 2.05 0.95) (end 2.05 -0.95) (layer B.CrtYd) (width 0.05))
    (fp_line (start 2.05 -0.95) (end -2.05 -0.95) (layer B.CrtYd) (width 0.05))
    (fp_text user %R (at 0 0 90) (layer B.Fab)
      (effects (font (size 0.5 0.5) (thickness 0.08)) (justify mirror))
    )
    (pad 2 smd rect (at 1.2 0 270) (size 1.5 1.5) (layers B.Cu B.Paste B.Mask)
      (net 11 "Net-(R7-Pad2)"))
    (pad 1 smd rect (at -1.2 0 270) (size 1.5 1.5) (layers B.Cu B.Paste B.Mask)
      (net 17 "Net-(Q1-Pad3)"))
    (model ${KISYS3DMOD}/Resistor_SMD.3dshapes/R_0805_2012Metric.wrl
      (at (xyz 0 0 0))
      (scale (xyz 1 1 1))
      (rotate (xyz 0 0 0))
    )
  )

  (module handsolder:R_0805_2012handsoldermod (layer B.Cu) (tedit 60358F22) (tstamp 603268E1)
    (at 135.636 65.278 90)
    (descr "Resistor SMD 0805 (2012 Metric), square (rectangular) end terminal, IPC_7351 nominal with elongated pad for handsoldering. (Body size source: https://docs.google.com/spreadsheets/d/1BsfQQcO9C6DZCsRaXUlFlo91Tg2WpOkGARC1WS5S8t0/edit?usp=sharing), generated with kicad-footprint-generator")
    (tags "resistor handsolder")
    (path /6031EA78)
    (attr smd)
    (fp_text reference R8 (at 0 0.1 180) (layer B.SilkS)
      (effects (font (size 0.5 0.5) (thickness 0.125)) (justify mirror))
    )
    (fp_text value 10k (at 0 -1.65 90) (layer B.Fab) hide
      (effects (font (size 1 1) (thickness 0.15)) (justify mirror))
    )
    (fp_line (start -1 -0.6) (end -1 0.6) (layer B.Fab) (width 0.1))
    (fp_line (start -1 0.6) (end 1 0.6) (layer B.Fab) (width 0.1))
    (fp_line (start 1 0.6) (end 1 -0.6) (layer B.Fab) (width 0.1))
    (fp_line (start 1 -0.6) (end -1 -0.6) (layer B.Fab) (width 0.1))
    (fp_line (start -0.261252 0.71) (end 0.261252 0.71) (layer B.SilkS) (width 0.12))
    (fp_line (start -0.261252 -0.71) (end 0.261252 -0.71) (layer B.SilkS) (width 0.12))
    (fp_line (start -2.05 -0.95) (end -2.05 0.95) (layer B.CrtYd) (width 0.05))
    (fp_line (start -2.05 0.95) (end 2.05 0.95) (layer B.CrtYd) (width 0.05))
    (fp_line (start 2.05 0.95) (end 2.05 -0.95) (layer B.CrtYd) (width 0.05))
    (fp_line (start 2.05 -0.95) (end -2.05 -0.95) (layer B.CrtYd) (width 0.05))
    (fp_text user %R (at 0 0 90) (layer B.Fab)
      (effects (font (size 0.5 0.5) (thickness 0.08)) (justify mirror))
    )
    (pad 2 smd rect (at 1.2 0 90) (size 1.5 1.5) (layers B.Cu B.Paste B.Mask)
      (net 2 /GND))
    (pad 1 smd rect (at -1.2 0 90) (size 1.5 1.5) (layers B.Cu B.Paste B.Mask)
      (net 16 "Net-(R6-Pad2)"))
    (model ${KISYS3DMOD}/Resistor_SMD.3dshapes/R_0805_2012Metric.wrl
      (at (xyz 0 0 0))
      (scale (xyz 1 1 1))
      (rotate (xyz 0 0 0))
    )
  )

  (module handsolder:R_0805_2012handsoldermod (layer B.Cu) (tedit 60358F22) (tstamp 603268BF)
    (at 132.969 61.595)
    (descr "Resistor SMD 0805 (2012 Metric), square (rectangular) end terminal, IPC_7351 nominal with elongated pad for handsoldering. (Body size source: https://docs.google.com/spreadsheets/d/1BsfQQcO9C6DZCsRaXUlFlo91Tg2WpOkGARC1WS5S8t0/edit?usp=sharing), generated with kicad-footprint-generator")
    (tags "resistor handsolder")
    (path /602D454A)
    (attr smd)
    (fp_text reference R6 (at 0 0.1 -90) (layer B.SilkS)
      (effects (font (size 0.5 0.5) (thickness 0.125)) (justify mirror))
    )
    (fp_text value 1k (at 0 -1.65) (layer B.Fab) hide
      (effects (font (size 1 1) (thickness 0.15)) (justify mirror))
    )
    (fp_line (start -1 -0.6) (end -1 0.6) (layer B.Fab) (width 0.1))
    (fp_line (start -1 0.6) (end 1 0.6) (layer B.Fab) (width 0.1))
    (fp_line (start 1 0.6) (end 1 -0.6) (layer B.Fab) (width 0.1))
    (fp_line (start 1 -0.6) (end -1 -0.6) (layer B.Fab) (width 0.1))
    (fp_line (start -0.261252 0.71) (end 0.261252 0.71) (layer B.SilkS) (width 0.12))
    (fp_line (start -0.261252 -0.71) (end 0.261252 -0.71) (layer B.SilkS) (width 0.12))
    (fp_line (start -2.05 -0.95) (end -2.05 0.95) (layer B.CrtYd) (width 0.05))
    (fp_line (start -2.05 0.95) (end 2.05 0.95) (layer B.CrtYd) (width 0.05))
    (fp_line (start 2.05 0.95) (end 2.05 -0.95) (layer B.CrtYd) (width 0.05))
    (fp_line (start 2.05 -0.95) (end -2.05 -0.95) (layer B.CrtYd) (width 0.05))
    (fp_text user %R (at 0 0) (layer B.Fab)
      (effects (font (size 0.5 0.5) (thickness 0.08)) (justify mirror))
    )
    (pad 2 smd rect (at 1.2 0) (size 1.5 1.5) (layers B.Cu B.Paste B.Mask)
      (net 16 "Net-(R6-Pad2)"))
    (pad 1 smd rect (at -1.2 0) (size 1.5 1.5) (layers B.Cu B.Paste B.Mask)
      (net 15 "Net-(D1-Pad2)"))
    (model ${KISYS3DMOD}/Resistor_SMD.3dshapes/R_0805_2012Metric.wrl
      (at (xyz 0 0 0))
      (scale (xyz 1 1 1))
      (rotate (xyz 0 0 0))
    )
  )

  (module handsolder:R_0805_2012handsoldermod (layer F.Cu) (tedit 60358F22) (tstamp 603268AE)
    (at 123.3 74.3 270)
    (descr "Resistor SMD 0805 (2012 Metric), square (rectangular) end terminal, IPC_7351 nominal with elongated pad for handsoldering. (Body size source: https://docs.google.com/spreadsheets/d/1BsfQQcO9C6DZCsRaXUlFlo91Tg2WpOkGARC1WS5S8t0/edit?usp=sharing), generated with kicad-footprint-generator")
    (tags "resistor handsolder")
    (path /602CA91E)
    (attr smd)
    (fp_text reference R5 (at 0 -0.1) (layer F.SilkS)
      (effects (font (size 0.5 0.5) (thickness 0.125)))
    )
    (fp_text value 4.7k (at 0 1.65 90) (layer F.Fab) hide
      (effects (font (size 1 1) (thickness 0.15)))
    )
    (fp_line (start -1 0.6) (end -1 -0.6) (layer F.Fab) (width 0.1))
    (fp_line (start -1 -0.6) (end 1 -0.6) (layer F.Fab) (width 0.1))
    (fp_line (start 1 -0.6) (end 1 0.6) (layer F.Fab) (width 0.1))
    (fp_line (start 1 0.6) (end -1 0.6) (layer F.Fab) (width 0.1))
    (fp_line (start -0.261252 -0.71) (end 0.261252 -0.71) (layer F.SilkS) (width 0.12))
    (fp_line (start -0.261252 0.71) (end 0.261252 0.71) (layer F.SilkS) (width 0.12))
    (fp_line (start -2.05 0.95) (end -2.05 -0.95) (layer F.CrtYd) (width 0.05))
    (fp_line (start -2.05 -0.95) (end 2.05 -0.95) (layer F.CrtYd) (width 0.05))
    (fp_line (start 2.05 -0.95) (end 2.05 0.95) (layer F.CrtYd) (width 0.05))
    (fp_line (start 2.05 0.95) (end -2.05 0.95) (layer F.CrtYd) (width 0.05))
    (fp_text user %R (at 0 0 90) (layer F.Fab)
      (effects (font (size 0.5 0.5) (thickness 0.08)))
    )
    (pad 2 smd rect (at 1.2 0 270) (size 1.5 1.5) (layers F.Cu F.Paste F.Mask)
      (net 10 /GPIO15))
    (pad 1 smd rect (at -1.2 0 270) (size 1.5 1.5) (layers F.Cu F.Paste F.Mask)
      (net 2 /GND))
    (model ${KISYS3DMOD}/Resistor_SMD.3dshapes/R_0805_2012Metric.wrl
      (at (xyz 0 0 0))
      (scale (xyz 1 1 1))
      (rotate (xyz 0 0 0))
    )
  )

  (module handsolder:R_0805_2012handsoldermod (layer F.Cu) (tedit 60358F22) (tstamp 6032689D)
    (at 127.9 74.3 270)
    (descr "Resistor SMD 0805 (2012 Metric), square (rectangular) end terminal, IPC_7351 nominal with elongated pad for handsoldering. (Body size source: https://docs.google.com/spreadsheets/d/1BsfQQcO9C6DZCsRaXUlFlo91Tg2WpOkGARC1WS5S8t0/edit?usp=sharing), generated with kicad-footprint-generator")
    (tags "resistor handsolder")
    (path /602CA541)
    (attr smd)
    (fp_text reference R4 (at 0 -0.1) (layer F.SilkS)
      (effects (font (size 0.5 0.5) (thickness 0.125)))
    )
    (fp_text value 10k (at 0 1.65 90) (layer F.Fab) hide
      (effects (font (size 1 1) (thickness 0.15)))
    )
    (fp_line (start -1 0.6) (end -1 -0.6) (layer F.Fab) (width 0.1))
    (fp_line (start -1 -0.6) (end 1 -0.6) (layer F.Fab) (width 0.1))
    (fp_line (start 1 -0.6) (end 1 0.6) (layer F.Fab) (width 0.1))
    (fp_line (start 1 0.6) (end -1 0.6) (layer F.Fab) (width 0.1))
    (fp_line (start -0.261252 -0.71) (end 0.261252 -0.71) (layer F.SilkS) (width 0.12))
    (fp_line (start -0.261252 0.71) (end 0.261252 0.71) (layer F.SilkS) (width 0.12))
    (fp_line (start -2.05 0.95) (end -2.05 -0.95) (layer F.CrtYd) (width 0.05))
    (fp_line (start -2.05 -0.95) (end 2.05 -0.95) (layer F.CrtYd) (width 0.05))
    (fp_line (start 2.05 -0.95) (end 2.05 0.95) (layer F.CrtYd) (width 0.05))
    (fp_line (start 2.05 0.95) (end -2.05 0.95) (layer F.CrtYd) (width 0.05))
    (fp_text user %R (at 0 0 90) (layer F.Fab)
      (effects (font (size 0.5 0.5) (thickness 0.08)))
    )
    (pad 2 smd rect (at 1.2 0 270) (size 1.5 1.5) (layers F.Cu F.Paste F.Mask)
      (net 8 /GPIO0))
    (pad 1 smd rect (at -1.2 0 270) (size 1.5 1.5) (layers F.Cu F.Paste F.Mask)
      (net 1 /VCC))
    (model ${KISYS3DMOD}/Resistor_SMD.3dshapes/R_0805_2012Metric.wrl
      (at (xyz 0 0 0))
      (scale (xyz 1 1 1))
      (rotate (xyz 0 0 0))
    )
  )

  (module handsolder:R_0805_2012handsoldermod (layer F.Cu) (tedit 60358F22) (tstamp 6032688C)
    (at 132.2578 74.168 270)
    (descr "Resistor SMD 0805 (2012 Metric), square (rectangular) end terminal, IPC_7351 nominal with elongated pad for handsoldering. (Body size source: https://docs.google.com/spreadsheets/d/1BsfQQcO9C6DZCsRaXUlFlo91Tg2WpOkGARC1WS5S8t0/edit?usp=sharing), generated with kicad-footprint-generator")
    (tags "resistor handsolder")
    (path /602C7954)
    (attr smd)
    (fp_text reference R3 (at 0 -0.1) (layer F.SilkS)
      (effects (font (size 0.5 0.5) (thickness 0.125)))
    )
    (fp_text value 10k (at 0 1.65 90) (layer F.Fab) hide
      (effects (font (size 1 1) (thickness 0.15)))
    )
    (fp_line (start -1 0.6) (end -1 -0.6) (layer F.Fab) (width 0.1))
    (fp_line (start -1 -0.6) (end 1 -0.6) (layer F.Fab) (width 0.1))
    (fp_line (start 1 -0.6) (end 1 0.6) (layer F.Fab) (width 0.1))
    (fp_line (start 1 0.6) (end -1 0.6) (layer F.Fab) (width 0.1))
    (fp_line (start -0.261252 -0.71) (end 0.261252 -0.71) (layer F.SilkS) (width 0.12))
    (fp_line (start -0.261252 0.71) (end 0.261252 0.71) (layer F.SilkS) (width 0.12))
    (fp_line (start -2.05 0.95) (end -2.05 -0.95) (layer F.CrtYd) (width 0.05))
    (fp_line (start -2.05 -0.95) (end 2.05 -0.95) (layer F.CrtYd) (width 0.05))
    (fp_line (start 2.05 -0.95) (end 2.05 0.95) (layer F.CrtYd) (width 0.05))
    (fp_line (start 2.05 0.95) (end -2.05 0.95) (layer F.CrtYd) (width 0.05))
    (fp_text user %R (at 0 0 90) (layer F.Fab)
      (effects (font (size 0.5 0.5) (thickness 0.08)))
    )
    (pad 2 smd rect (at 1.2 0 270) (size 1.5 1.5) (layers F.Cu F.Paste F.Mask)
      (net 3 /RST))
    (pad 1 smd rect (at -1.2 0 270) (size 1.5 1.5) (layers F.Cu F.Paste F.Mask)
      (net 1 /VCC))
    (model ${KISYS3DMOD}/Resistor_SMD.3dshapes/R_0805_2012Metric.wrl
